#Name RA DEC Maj
G001.9+00.3 267.18 -27.16 1.5
G003.7-00.2 268.85 -25.83 14.0
G003.8+00.3 268.22 -25.46 18.0
G004.8+06.2 263.35 -21.56 18.0
G005.2-02.6 271.87 -25.75 18.0
G006.1+01.2 268.72 -23.08 30.0
G006.4+04.0 266.29 -21.36 31.0
G006.5-00.4 270.54 -23.56 18.0
G007.0-00.1 270.45 -22.9 15.0
G007.2+00.2 270.27 -22.63 12.0
G008.3-00.0 271.14 -21.81 5.0
G008.9+00.4 270.99 -21.05 24.0
G009.7-00.0 271.84 -20.58 15.0
G009.8+00.6 271.28 -20.23 12.0
G009.9-00.8 272.67 -20.71 12.0
G010.5-00.0 272.28 -19.78 6.0
G011.0-00.0 272.51 -19.41 11.0
G011.1-01.0 273.51 -19.76 18.0
G011.1-00.7 273.19 -19.63 11.0
G011.1+00.1 272.44 -19.2 12.0
G011.4-00.1 272.69 -19.08 8.0
G011.8-00.2 273.1 -18.73 4.0
G012.0-00.1 273.04 -18.61 7.0
G012.2+00.3 272.82 -18.16 6.0
G012.5+00.2 273.05 -17.91 6.0
G012.7-00.0 273.32 -17.9 6.0
G012.8-00.0 273.4 -17.81 3.0
G013.3-01.3 274.83 -18.0 70.0
G014.1-00.1 274.16 -16.68 6.0
G014.3+00.1 273.99 -16.45 5.0
G015.1-01.6 276.0 -16.56 30.0
G015.4+00.1 274.5 -15.45 15.0
G016.0-00.5 275.48 -15.23 15.0
G016.2-02.7 277.41 -16.13 17.0
G016.4-00.5 275.65 -14.91 13.0
G016.7+00.1 275.23 -14.33 4.0
G017.0-00.0 275.48 -14.13 5.0
G017.4-02.3 277.72 -14.86 24.0
G017.4-00.1 275.78 -13.76 6.0
G017.8-02.6 278.2 -14.65 24.0
G018.6-00.2 276.47 -12.83 6.0
G020.4+00.1 276.96 -11.0 8.0
G021.0-00.4 277.8 -10.78 9.0
G021.5-00.9 278.38 -10.58 5.0
G021.5-00.1 277.7 -10.15 5.0
G021.6-00.8 278.41 -10.41 13.0
G022.7-00.2 278.31 -9.21 26.0
G023.6+00.3 278.26 -8.21 10.0
G024.7+00.6 278.54 -7.08 30.0
G025.1-02.3 281.29 -8.0 80.0
G027.4+00.0 280.32 -4.93 4.0
G028.8+01.5 279.75 -2.91 100.0
G029.6+00.1 281.21 -2.95 5.0
G030.7-02.0 283.6 -2.9 16.0
G030.7+01.0 281.0 -1.53 24.0
G031.5-00.6 282.79 -1.51 18.0
G032.0-04.9 286.5 -3.0 60.0
G032.1-00.9 283.29 -1.13 40.0
G032.4+00.1 282.52 -0.41 6.0
G032.8-00.1 282.85 -0.13 17.0
G033.2-00.6 283.45 -0.03 18.0
G033.6+00.1 283.2 0.68 10.0
G035.6-00.4 284.47 2.21 15.0
G036.6-00.7 285.14 2.93 25.0
G036.6+02.6 282.2 4.43 17.0
G038.7-01.3 286.66 4.46 32.0
G039.2-00.3 286.03 5.46 8.0
G039.7-02.0 288.08 4.91 120.0
G040.5-00.5 286.79 6.51 22.0
G041.1-00.3 286.89 7.13 4.5
G041.5+00.4 286.45 7.76 10.0
G042.0-00.1 287.04 8.0 8.0
G042.8+00.6 286.83 9.08 24.0
G043.3-00.2 287.78 9.1 4.0
G043.9+01.6 286.45 10.5 60.0
G045.7-00.4 289.1 11.15 22.0
G046.8-00.3 289.54 12.15 17.0
G049.2-00.7 290.95 14.1 30.0
G053.6-02.2 294.7 17.23 33.0
G054.1+00.3 292.62 18.86 12.0
G054.4-00.3 293.33 18.93 40.0
G055.0+00.3 293.0 19.83 20.0
G055.7+03.4 290.33 21.73 23.0
G057.2+00.8 293.74 21.95 12.0
G059.5+00.1 295.63 23.58 15.0
G059.8+01.2 294.72 24.31 20.0
G063.7+01.1 296.96 27.75 8.0
G064.5+00.9 297.6 28.26 8.0
G065.1+00.6 298.66 28.58 90.0
G065.3+05.7 293.25 31.16 310.0
G065.7+01.2 298.04 29.43 22.0
G065.8-00.5 299.83 28.63 10.0
G066.0-00.0 299.45 29.05 31.0
G067.6+00.9 299.43 30.88 50.0
G067.7+01.8 298.63 31.48 15.0
G067.8+00.5 300.0 30.85 7.0
G068.6-01.2 302.16 30.61 23.0
G069.0+02.7 298.33 32.91 80.0
G069.7+01.0 300.66 32.71 16.0
G073.9+00.9 303.56 36.2 27.0
G074.0-08.5 312.75 30.66 230.0
G074.9+01.2 304.0 37.2 8.0
G076.9+01.0 305.58 38.71 9.0
G078.2+02.1 305.2 40.43 60.0
G082.2+05.3 304.75 45.5 95.0
G083.0-00.3 311.72 42.86 9.0
G084.2-00.8 313.33 43.45 20.0
G085.4+00.7 312.66 45.36 24.0
G085.9-00.6 314.66 44.88 24.0
G089.0+04.7 311.25 50.58 120.0
G093.3+06.9 313.1 55.35 27.0
G093.7-00.2 322.33 50.83 80.0
G094.0+01.0 321.2 51.88 30.0
G096.0+02.0 322.62 53.98 26.0
G106.3+02.7 336.87 60.83 60.0
G108.2-00.6 343.41 58.83 70.0
G109.1-01.0 345.39 58.88 28.0
G111.7-02.1 350.85 58.8 5.0
G113.0+00.2 354.14 61.36 40.0
G114.3+00.3 354.25 61.91 90.0
G116.5+01.1 358.41 63.25 80.0
G116.9+00.2 359.79 62.43 34.0
G119.5+10.2 1.66 72.75 90.0
G120.1+01.4 6.32 64.15 8.0
G126.2+01.6 20.5 64.25 70.0
G127.1+00.5 22.08 63.16 45.0
G130.7+03.1 31.42 64.81 9.0
G132.7+01.3 34.41 62.75 80.0
G152.4-02.1 61.95 49.18 100.0
G156.2+05.7 74.66 51.83 110.0
G159.6+07.3 80.0 50.0 240.0
G160.9+02.6 75.25 46.66 140.0
G166.0+04.3 81.62 42.93 55.0
G178.2-04.2 83.77 28.18 72.0
G179.0+02.6 88.41 31.08 70.0
G180.0-01.7 84.75 27.83 180.0
G182.4+04.3 92.04 29.0 50.0
G184.6-05.8 83.62 22.01 7.0
G189.1+03.0 94.25 22.56 45.0
G190.9-02.2 90.47 18.4 70.0
G192.8-01.1 92.33 17.33 78.0
G205.5+00.5 99.75 6.5 220.0
G206.9+02.3 102.16 6.43 60.0
G213.0-00.6 102.7 -0.5 160.0
G261.9+05.5 136.08 -38.7 40.0
G266.2-01.2 133.0 -46.33 120.0
G272.2-03.2 136.7 -52.11 15.0
G279.0+01.1 149.41 -53.25 95.0
G296.5+10.0 182.41 -52.41 90.0
G298.6-00.0 183.42 -62.61 12.0
G299.2-02.9 183.8 -65.5 18.0
G299.6-00.5 185.43 -63.15 13.0
G306.3-00.9 200.45 -63.56 4.0
G308.1-00.7 204.4 -63.06 13.0
G308.4-01.4 280.37 -63.73 12.0
G310.6-01.6 210.18 -63.43 2.5
G310.6-00.3 209.5 -62.15 8.0
G315.1+02.7 216.12 -57.83 190.0
G315.9-00.0 219.6 -60.18 25.0
G321.9-01.1 230.93 -58.21 28.0
G322.1+00.0 230.2 -57.16 8.0
G322.5-00.1 230.84 -57.1 15.0
G327.2-00.1 237.72 -54.3 5.0
G327.4+01.0 236.7 -53.33 14.0
G327.6+14.6 225.7 -41.93 30.0
G330.0+15.0 227.5 -40.0 180.0
G332.5-05.6 250.83 -54.5 35.0
G337.2-00.7 249.86 -47.85 6.0
G337.2+00.1 248.97 -47.33 3.0
G340.4+00.4 251.62 -44.65 10.0
G342.1+00.9 252.67 -43.06 10.0
G343.0-06.0 261.25 -46.5 250.0
G348.5-00.0 258.85 -38.46 10.0
G350.1-00.3 259.41 -37.4 4.0
G351.9-00.9 262.21 -36.26 12.0
G353.6-00.7 263.0 -34.73 30.0
G353.9-02.0 264.72 -35.18 13.0
G354.1+00.1 262.61 -33.76 15.0
G354.8-00.8 264.0 -33.7 19.0
G355.4+00.7 262.83 -32.43 25.0
G355.6-00.0 263.81 -32.63 8.0
G356.3-01.5 265.64 -32.86 20.0
G356.3-00.3 264.48 -32.26 11.0
G358.0+03.8 261.5 -28.6 38.0
G358.5-00.9 266.54 -30.66 17.0
G359.1+00.9 264.9 -29.18 12.0