35 266.95138 -37.449963 0.315252649708
45 256.61669 -37.36526 0.330881819801
54 249.87088 -38.503632 0.349020139528
62 246.74499 -42.22753 0.364695402197
84 244.39999 -54.345587 0.344751538546
95 242.34972 -60.532869 0.446033183171
102 223.98629 -52.028685 0.406221908603
106 225.07822 -54.737167 0.32664564579
114 220.24325 -56.309726 0.366703647595
127 212.48126 -56.773334 0.360513591775
135 213.89352 -65.979936 0.423767360633
136 208.40515 -59.560776 0.365268156263
146 201.54128 -61.404156 0.298994259251
148 198.8511 -59.638269 0.449904518656
158 185.55531 -64.115226 0.457664311208
159 185.74133 -62.710391 0.406089506177
178 167.47726 -57.313626 0.435835133956
186 160.76991 -56.418737 0.421851875183
193 145.18861 -57.39842 0.343675086154
194 146.14621 -54.2917 0.340926920317
200 148.50493 -45.604515 0.265170139755
201 137.05438 -53.328069 0.3635705687
218 117.88399 -38.878338 0.243281668271