# RA       DEC       Total_flux           E_Total_flux         Maj                   E_Maj                  
  91.701652   8.6792533    4.673646354790377    2.7088381526203125   0.3704932591168107    0.11277316668266299    
  93.979553   9.3652856    10.079626957547944   2.16013503945949     0.6502519181935297    0.30400301780021904    
  94.297523   9.8516745    8.278919861600444    2.549478118846088    0.4589272064423941    0.1364070935360057     
  94.417152   8.6335312    10.807661609516742   2.4115806096594206   0.5488627657694137    0.16261309280559544    
  95.988954   10.269745    1.9329696466900068   2.4965140959154497   0.20754654116717905   0.03405078664606811    
  96.505227   4.3765538    44.23512215472553    1.3681868395285262   1.2552403995681511    0.319828014193353      
  97.007929   10.371556    5.726424939822735    2.7383954745125623   0.35893358119880114   0.07823997448826935    
  98.43141    11.608658    12.648001120916645   2.25735657451439     0.6515153183269466    0.20259029887287844    
  98.551229   10.667595    0.269832697582065    1.498897994260336    0.09426899702642358   0.007054251429800774   
  98.554268   10.396245    68.427773701082      1.260805920542193    1.4679720870358979    0.2684598264850265     
  98.808621   10.587542    1.1918526939644183   1.9889456776877497   0.13625960822963448   0.00911868404405881    
  98.829222   9.4424432    7.445106453358662    2.501827869418955    0.5344576299313282    0.18716072211907195    
  98.951709   10.767458    1.3157102703865071   2.388713394947458    0.1866889693126934    0.029631708959172894   
  99.161526   10.898239    0.8092963335540848   2.1368994580081377   0.14730060020230093   0.014492238542862352   
  99.281709   5.5717654    12.261734861810861   2.161984989640296    0.7103647219349407    0.257037400578586      
  99.493387   12.514097    16.06474284645999    2.2336845980847557   0.6308971155172232    0.1662476369451395     
  99.994116   12.052843    5.191300461899231    2.7254040247996305   0.2949240087803784    0.045992254047830895   
  100.84201   12.767974    28.256162278350757   2.1018838796499133   0.5939892078084518    0.10464572782764647    
  101.24327   12.052035    12.014412034102687   2.4623770156872844   0.5314273032322696    0.12807666079876917    
  101.35048   13.393296    0.6849618406716882   1.825405639443095    0.12055130511005874   0.009097754374811341   
  102.39984   11.803969    4.914379361735886    2.6718415847777353   0.3679662117478002    0.12095277798428428    
  102.92464   9.5995989    10.271302950831553   2.34873394920379     0.5765068139693926    0.19990163573215877    
  103.15308   14.520133    5.920443270805613    1.9009656368656054   1.1939524414150051    0.5555710934339816     
  103.29165   14.330779    0.3972705904087754   1.2214442897539044   0.07439067164225725   0.001521882451601518   
  103.43286   9.5909019    18.2838923474927     2.2355767295051243   0.5827562483092219    0.1361173763160954     
  103.76668   13.709455    8.778828270335524    2.5952562817395957   0.4082270383381855    0.1002940121526154     
  104.61339   12.156199    65.76062210823555    1.1946624094897713   1.595572522791693     0.3254243830909068     
  104.81931   9.8070308    145.8517039460274    0.6543871011004317   2.9199218377901457    0.5527878417968006     
  105.03093   12.072117    7.428898614613918    2.651228705411677    0.4223996475168616    0.10670100243386281    
  106.07393   9.5775119    12.21471312118656    1.8541079631881778   0.8513008678940857    0.46718989856839643    
  106.62693   -23.235175   5.2209968782112295   2.6970870298676273   0.3245588830564856    0.07860714981918973    
  107.89461   -20.75775    4.083745102120685    2.668132067868129    0.26115353091707927   0.04359695199418352    
  109.29085   -25.111172   4.166795399735311    2.6418184273840972   0.2477761856287373    0.03478039700340424    
  110.49659   -18.845409   3.4036153700253857   2.656734184660961    0.2538788115214617    0.048412338566365246   
  114.99085   -36.446143   5.039663718952581    2.6999812156747587   0.2978654954328416    0.0622685193007211     
  116.83897   -19.314178   6.651937079357759    2.6864572452958257   0.27426089880913834   0.031615484441665904   
  117.87617   -38.90104    4.6334096314831354   2.6479578405084636   0.24328162570497294   0.03252268306952552    
  118.14421   -26.419824   5.247840119663294    2.6990076671254486   0.3045938746635913    0.06495407913452529    
  122.38226   -39.116699   7.105356683921759    2.677617896698835    0.26501467261916134   0.028133809290194278   
  125.14074   -47.629425   6.232834542948227    2.697085717489473    0.287063811361883     0.04410055531139863    
  125.17033   -42.939552   17.11925808298895    2.6987587945795557   0.2993804459099071    0.018922518217280845   
  125.36844   -30.207022   6.154967595996089    2.652183559250974    0.24447620517831786   0.02498238584529203    
  125.46581   -43.29462    24.468367002482804   2.7038942199927094   0.37184314276081987   0.02214528157779598    
  125.57658   -43.039582   6.168918784127121    2.54119943562565     0.216706056433883     0.013473608201709055   
  125.64585   -42.740359   26.905102104398097   2.6908814590033776   0.43516657065537045   0.027691818281914866   
  125.92225   -43.234168   15.119100874875443   2.825315680349573    0.38058165633358004   0.029227476834232546   
  125.92703   -43.029491   6.205380658438122    3.3068692364022025   0.33821270143446625   0.03210585011324637    
  126.03046   -43.084468   24.762182177184343   2.7088469692600046   0.30231014058539935   0.011905328017595826   
  127.91284   -45.972063   6.363280360633549    2.6140834473414176   0.4588059374691026    0.14982390067552842    
  128.42872   -45.69462    39.84969235530057    1.6975315068605268   1.0055823256307483    0.1974365283085569     
  128.71069   -45.881328   2.946198850262037    2.736542984667964    0.5503878377247862    0.32694850215418814    
  128.8429    -45.376486   3.0329602595541316   2.6526812576799617   0.24803177568249482   0.040508592062963235   
  128.93146   -45.705734   330.31382883555415   0.5644872096708241   3.538973640664916     0.34715189883422864    
  129.27228   -43.154128   18.821960452910112   2.2120648096934823   0.6143278198484403    0.14395337436661615    
  129.70101   -43.264051   2.0142592006235436   2.723951104793977    0.27937394275066024   0.09247009509799237    
  129.92501   -46.064767   27.5934861136935     1.9750157797843926   0.7709294420645402    0.1638649944855361     
  129.9552    -42.63       18.666069154714773   2.1475232297533946   0.7525504374840294    0.16775403660263905    
  130.0539    -45.289695   4.508858203163777    2.6749350195385535   0.42999366958303925   0.16787464324233609    
  130.12449   -43.424593   12.009378587591684   2.347455203758551    0.5948002730603821    0.17297089209331884    
  130.94128   -42.749622   7.110684162559815    2.6479266650490674   0.4851751226321113    0.1320272800285787     
  131.023     -43.122357   22.304953994659552   1.8839292075468514   0.788138227869697     0.2316794406637275     
  134.84723   -47.506248   10.070255730153104   2.750005795554096    0.3245681139371063    0.03178559110189673    
  134.88371   -43.774236   5.718104941367164    2.707663522719803    0.2995486507599033    0.0497070026623018     
  134.97534   -47.349254   154.17325455532463   0.8883348467025763   1.9854368522257513    0.25290371216331115    
  135.62423   -48.717759   8.088388556426034    2.664206361019471    0.3773818243014343    0.07884940499914739    
  136.27751   -57.626299   7.739507732473087    2.670345955124232    0.35993130860221384   0.07508555488887073    
  137.05257   -53.351588   7.395381093099104    2.6812913822762785   0.36357046087038947   0.07604522728722853    
  137.73653   -56.636293   10.07253064629193    2.694999600955159    0.33785198515306536   0.04562125962013065    
  137.83139   -45.089858   4.333656310411573    2.6981194680562357   0.289393991678135     0.06346277710681796    
  139.39107   -54.524855   6.929122891049811    2.5202761808584175   0.49851493522395723   0.18666434256305553    
  139.39875   -54.922858   11.18918924962061    2.7204937603550006   0.3471604924214862    0.03889220911763073    
  139.94221   -53.681617   8.967183070459624    2.6967904932369047   0.2861527647220481    0.03040077939377505    
  140.69764   -40.034179   4.675322692800765    2.700381927980791    0.29446652881202634   0.0613593938619984     
  141.13861   -52.025596   8.271650827858114    2.6974788850482656   0.34556103401772337   0.057122582692824816   
  141.89938   -47.136713   5.762535906267834    2.694156130210712    0.32516626511655533   0.07282156193501704    
  142.22914   -50.480293   7.736132648256547    2.587069292917682    0.4329286030980707    0.1249325105047318     
  143.23064   -49.942722   5.195302701033814    2.701080670975635    0.3104425812820555    0.0677589427790362     
  144.68176   -59.307162   6.789812125546627    2.6813238363679632   0.3345785933386825    0.07074208559194874    
  145.19143   -57.421919   7.955383334098062    2.6686859975131867   0.3436750139371558    0.06673775713375003    
  145.65348   -58.543165   8.002572669766888    2.5573216295966135   0.43864581976467953   0.1316260295688708     
  146.14944   -54.315212   10.434570319169913   2.6737010503100254   0.34089757343972216   0.04919183651298225    
  148.16074   -53.24468    6.141317576183139    2.66034195071149     0.36475096735122275   0.09943016972717404    
  148.50843   -45.627873   5.1735603802332335   2.6845732675895286   0.26517008655480906   0.0411561345987011     
  149.88275   -56.928995   11.629160752011323   2.603653256854809    0.39596067460626777   0.0705896670547165     
  151.67785   -57.211676   27.893395183116887   2.4864486472459366   0.4985529828401662    0.05032230664314236    
  151.88615   -55.99313    17.69036681198109    2.0999228114694826   0.6742885281013491    0.19425521356082368    
  152.58619   -57.310906   32.34394169639618    2.1333989761948473   0.6096138090922827    0.09151594134858328    
  153.16164   -65.001504   17.77140454848757    2.650291829997678    0.36617180548155204   0.035882025116577745   
  154.39433   -57.77283    90.4499560956348     1.5058534616469417   1.1779317897652866    0.12508472326606113    
  154.52669   -58.999234   34.91613109034354    2.4891610017928985   0.4925314422734726    0.039591864304608225   
  154.80105   -58.064972   22.70697993268089    2.683810926449884    0.36756633930348387   0.024966553079814987   
  156.03823   -57.800211   11.30625630526718    2.644701864168751    0.24845801196844228   0.011466384314658991   
  156.26054   -57.814879   63.558918097192446   2.178485725137833    0.5899368517737281    0.042512101587770246   
  158.11896   -58.16911    19.211349643709408   2.4786253376161183   0.46077814203352263   0.0681414949005136     
  158.19668   -59.318311   11.500027469727367   2.70389072938504     0.3187878923922075    0.03231321379780815    
  158.48761   -59.8182     6.174631451876544    2.68602931384724     0.31737008419381807   0.06789106641556646    
  159.36753   -58.662818   14.225496227712856   2.6740203849742503   0.33826921061488696   0.0354994164845702     
  160.31868   -59.938126   10.493642476851289   2.6088240041751294   0.41546078008003556   0.08266333959821023    
  160.74466   -59.670504   80.43540740563817    1.9786588570923869   0.8879881590564614    0.052465342603962795   
  160.78224   -56.441321   9.674491458357219    2.6062223113993266   0.4218025166962862    0.09207713288176572    
  160.92985   -58.898944   40.30639110788429    1.6059597184776342   1.021630920566213     0.22243321599335092    
  161.04973   -52.018308   7.680816794264915    2.6599178475619025   0.3711674481721732    0.08223862851616516    
  161.06306   -59.639442   24.97994474041171    2.711832638465562    0.3636166882172825    0.02005142606840194    
  161.37238   -60.077211   92.91898259476073    2.275213602664488    0.5220545453363228    0.02207200363332373    
  161.77285   -59.798509   35.56412003514423    2.285148036865403    0.677899876115543     0.06498663721248377    
  161.84552   -60.017059   4.553190652805965    2.578225290929146    0.22024290404504418   0.015816901641255317   
  162.09821   -62.347889   11.622582651532765   2.4019885660902376   0.507972523438549     0.14424140029370755    
  162.43384   -59.319267   7.96710069542775     2.6395854215477583   0.43052144346763904   0.1042468742265298     
  164.18306   -60.120363   14.775858086599179   2.595855503475673    0.4062584191603739    0.05885079953917586    
  164.37443   -55.018036   9.154574701315083    2.550184108453335    0.4331101566011498    0.11488325124503379    
  164.76302   -61.192453   39.664899783521285   2.55336738034605     0.43185421198809437   0.026271793522760014   
  164.80362   -65.529016   10.057106068944687   2.4562825399622437   0.5034185727603014    0.15007871154504762    
  165.23789   -64.599824   9.405691108430073    2.4417399186097493   0.5179173590617621    0.16903525541319944    
  165.41124   -60.28244    12.637041161066353   2.679830465688769    0.3537525467251829    0.04244755715158755    
  165.61654   -60.830265   11.20210688340503    2.4001916854282097   0.1881521519315054    0.0041248868224095     
  165.82621   -60.968775   41.840321380575865   2.695156732303884    0.3756032704319598    0.013561335247561833   
  165.84057   -60.964677   4.767685559425314    2.5916920026021906   0.2088572706440513    0.010682500171097321   
  166.45194   -61.767941   13.928439255621218   2.283310420393355    0.6422302109542729    0.17313744431465597    
  167.49396   -57.335388   12.555870115782811   2.559603691672411    0.4358350773893146    0.0828770628605951     
  168.02785   -61.257625   33.00183882505636    2.3336338549744626   0.5400431754710229    0.06046732762117409    
  168.03551   -59.858625   16.62494702830236    2.312777247671191    0.6095768588965942    0.1357037875063799     
  168.06319   -60.684626   35.46094452880258    2.6873283457371366   0.3384587780709318    0.013388950787142313   
  168.1127    -66.569896   7.736276833891246    2.4728150738115593   0.5361328755552692    0.19417774791388798    
  168.83228   -61.287743   39.843194074687645   2.678141082489433    0.33342353454759677   0.012094610043900462   
  169.81423   -61.44718    34.42113604844349    2.324489525016489    0.5502240347255021    0.059972745186594394   
  171.13711   -59.287692   23.229917585707263   2.6961849069456725   0.2979817093716341    0.014460121417932948   
  171.34896   -56.071917   10.592063801172351   2.5395112626351626   0.4376187881627499    0.10293025500569417    
  172.17727   -62.741195   19.34783109303276    2.4502806068094882   0.5187171955338593    0.08084065012724548    
  172.35537   -68.560909   9.946578460269095    2.4715425029074853   0.46527319466744654   0.13411067492475448    
  173.80964   -60.94673    5.849367839040735    2.6799706143279773   0.36704956497756097   0.0981285774066049     
  173.85529   -61.893796   22.413009691721154   1.9346470348853122   0.8038916749998959    0.2194823823478181     
  174.65427   -56.301757   10.980784369646079   2.627500088326557    0.37785269789360354   0.0653174897512885     
  174.68505   -68.230774   28.69551672827162    2.6407218489666984   0.36049027287906465   0.02215290800200465    
  174.88829   -63.49789    43.63959597133823    2.442840731923109    0.44285686051954887   0.02972207236133429    
  175.84308   -62.519783   19.720421374744546   2.675849552406223    0.3496919000409868    0.02706830059495169    
  177.43728   -62.252477   7.749775912744593    2.516365191662861    0.4480123782334224    0.1521022220316789     
  177.67491   -62.717613   7.834307821493283    2.6186314751228967   0.4135204878210153    0.10714500228774482    
  178.48663   -54.929864   5.999962079618037    2.6586957519374312   0.3988864513960364    0.11800515698808332    
  178.6889    -69.721245   10.28626820752367    2.6941439688314546   0.3754993053506315    0.05620943768287478    
  178.91805   -63.204021   5.1507190276127215   2.701065816118531    0.292885115570322     0.05316837721109017    
  179.58572   -62.61716    28.7644161888934     2.648235607560254    0.3621799545476088    0.021821697483525953   
  180.29535   -65.591235   7.644451518841546    2.5535718493993276   0.4330301503586214    0.13670979298106833    
  180.6642    -63.245      11.220095363626088   2.340813651540219    0.5750519262621961    0.1857096110047813     
  183.03838   -62.75243    88.38808679135789    2.1177614776635707   0.7330314753141847    0.039177332005187644   
  183.69688   -62.982722   42.181255226232494   2.5550112053685896   0.4411947963541358    0.025303968588127983   
  184.35617   -64.2212     9.413520743286732    2.546483947470731    0.43209506953639276   0.1123777496215711     
  184.56158   -62.414279   10.950770681807128   2.6409131315086594   0.3799270056805756    0.06350930432112953    
  185.58892   -64.133669   15.441411594426087   2.48765938596688     0.4576642800411612    0.0827438935365425     
  185.77347   -62.728793   13.729937217379165   2.6039284325019048   0.40608950663687776   0.0620528190313117     
  186.25809   -66.846819   12.38840917435438    2.5750995207928473   0.4029640743673903    0.07259746146296542    
  187.67132   -63.09209    13.537027732495925   2.4423377804849324   0.46496946604505673   0.1036214754295577     
  189.59751   -63.819701   11.926281718578688   2.5136018717237425   0.4845978148740131    0.10821140254313213    
  191.52825   -62.158674   15.10300136408436    2.649023473391423    0.34874977389456835   0.03866108278895852    
  192.13701   -63.632705   13.293698296183301   2.4038703695972004   0.5100297496986016    0.12640366018440624    
  192.37015   -62.850608   12.402021618501262   2.4598450095957434   0.492160052522717     0.11822885073037356    
  193.26369   -61.01889    8.295340056395842    2.5824181386301506   0.4523900162306334    0.12348581869063083    
  194.07054   -63.625312   17.82562072771067    2.4501923858238936   0.4946746529351353    0.08419421053874437    
  195.64923   -63.393057   21.841227414216284   1.9097079971934967   0.8665051611098067    0.2412703167628256     
  196.47348   -62.750497   32.27851209854863    2.6838375475973484   0.3443651209313427    0.015502669201341563   
  197.8337    -62.679194   28.49536293437499    2.6845886485293518   0.34081514950081065   0.017131369703163413   
  197.94057   -63.093815   11.433785497334062   2.6481157155605506   0.3854446896718458    0.060843889436630036   
  198.55706   -62.71182    60.927689833453535   2.3054214360691954   0.5376886899471526    0.03385739550488025    
  198.60934   -61.214807   16.352365306760184   2.393216689632038    0.4818260069827662    0.09671781869242774    
  198.88696   -59.653312   10.930027873412875   2.571094599400894    0.44990411631141153   0.0960136298442241     
  201.20645   -57.658951   15.533032451113769   2.653041533667934    0.37238053120635944   0.04177135620639113    
  201.58048   -61.418429   37.57453891949122    2.702648453658882    0.2989942524426713    0.00796560483579866    
  203.24382   -66.801006   15.791290187903865   2.6312108592255354   0.3980061670629634    0.048659509049888215   
  203.96179   -57.806945   6.435500896606933    2.638053779471334    0.39147218414078766   0.11401848577445525    
  205.07105   -61.736408   11.187922890365806   2.660938663678423    0.37903719271800046   0.05807538130074213    
  205.50981   -59.912783   8.946758427371828    2.5753049061680793   0.5585628225962194    0.1360848752623704     
  205.55508   -62.369879   30.41903655276529    2.5309583865213865   0.4087276046403194    0.03273187990989719    
  205.97538   -61.279792   7.109222800138448    2.6246823411355718   0.39103231910353053   0.10726950418841404    
  206.22559   -60.644172   11.773682207983182   2.695655944706505    0.31739765864535224   0.03331840597124197    
  206.29567   -66.230459   7.174962139757238    2.6599128943073396   0.4159840607988479    0.10456760191145685    
  206.75033   -60.439795   193.20113087664015   2.7071960227007317   0.2950357135063326    0.0013691407791030078  
  206.76285   -62.850783   21.383071180851843   2.6387292637477806   0.3933346260385275    0.03452937976614225    
  206.77127   -60.338883   1.5308585801820844   1.5654609283280898   0.09926620002590923   0.0013877159926731183  
  207.33306   -59.427237   35.53431108389102    1.7414762685725242   0.9099499614056885    0.19510114454852626    
  207.6048    -62.111296   36.75405126253722    2.63791219957942     0.3900221678580276    0.019889541723334514   
  207.96537   -60.182965   8.426743387798567    2.6588215462081037   0.37558227199365807   0.07649798355698734    
  208.21635   -61.506224   17.574500791220398   2.3816644844375583   0.5153723613583177    0.1001813066604299     
  208.44493   -59.572982   15.655490987408458   2.640128283236415    0.3652681310524512    0.04166775998076717    
  209.96361   -62.225727   58.02649497552194    2.452921036470868    0.4810626589824292    0.024912171212104747   
  210.37871   -63.931219   34.58085932445695    1.6576350091069425   0.9299775520541356    0.2248155458990268     
  210.75498   -61.288557   41.12577818241211    2.123826123301542    0.719408006242763     0.08319408182038394    
  211.5078    -57.0552     6.363366591254031    2.6542093697639637   0.39430607630655173   0.1108890180683415     
  211.59579   -62.068046   37.094273637433645   2.476575123473892    0.47892107518834137   0.03717309067360692    
  212.14411   -61.522765   44.202086081872416   2.423448119144328    0.4897442674333871    0.035077861325950865   
  212.51938   -56.784228   6.955519345800654    2.695191010016879    0.3604920833137673    0.07509116686282175    
  213.14455   -61.73097    70.86469505651753    2.3558482060188437   0.5359061183885208    0.027007161224781626   
  213.23323   -61.221739   17.45907424019083    2.426052824957327    0.531876090817614     0.09586587886393466    
  213.94533   -65.990394   13.143864506315401   2.633039393939865    0.42376734049165676   0.06322469081170284    
  214.79568   -60.962221   42.12451404037719    2.2845355963536442   0.6081333249642219    0.056713736115334146   
  215.27087   -64.292111   14.454775985143309   2.531250530510333    0.4207538483934138    0.07233873475565351    
  215.45232   -59.97674    13.196041030705322   2.6998433395063532   0.2947367735310963    0.022339296331764402   
  215.50024   -61.459041   11.361618744859975   2.4517404688740143   0.499664756414522     0.13307699521663932    
  215.62501   -56.03599    18.275536395529702   2.6992643815577146   0.30127516745882255   0.01795850441489019    
  216.21713   -60.51203    9.775897004586673    2.592953648625126    0.3802425678140497    0.08021336620981809    
  217.52222   -60.502887   26.967697204249312   1.9839274504205942   0.7719377148942004    0.16563076934372697    
  219.11623   -60.561728   21.917192031770927   2.5403948583943907   0.451029263527358     0.051655120905896024   
  220.28278   -56.318149   8.064692867510677    2.6616230450297573   0.36706425256522107   0.07621646905363631    
  220.34834   -62.663029   46.96995206106233    2.574114872171047    0.42993294558468076   0.021066665567880536   
  220.4056    -60.048535   5.40192433580424     2.4293714700520885   0.19349902334420988   0.009564271812990388   
  220.41767   -60.061      61.416063747314425   2.552268744685107    0.4092204968229518    0.015670953845349785   
  221.16544   -59.899173   22.544946852211844   2.640946474994359    0.39582802635270375   0.03283236366024123    
  221.27955   -62.507658   31.924082129677025   2.5311566810409225   0.460152850841736     0.03699879631486202    
  221.44615   -59.510384   26.256142737379715   2.4840405522233686   0.49602539909790005   0.05353358656831       
  221.54586   -51.739421   6.9290877579637025   2.6709966614821328   0.34023098529254664   0.07425080808313637    
  221.70706   -58.794391   9.454286813363874    2.5169277217462884   0.4752178177135188    0.13321009746500756    
  222.54547   -59.806318   22.600981654634353   2.51721714959438     0.465961152072161     0.05460784921709649    
  223.13894   -59.256737   28.217664552857762   2.340926754064812    0.5509827807658919    0.0714180297657988     
  223.21545   -65.84655    11.864491726916059   2.3671819361967854   0.49046310513524555   0.14138952773140004    
  224.0227    -52.035787   12.843686357299541   2.638064797413264    0.40622196692059387   0.060496308943384425   
  224.03252   -59.040537   36.5630839548331     2.249185938787337    0.6263258718517842    0.07077196923341841    
  224.09508   -63.529992   6.770524693531116    2.603403111734626    0.4173122143959197    0.1306825549639985     
  224.16975   -59.971453   1.2460462254564533   2.66335036236247     0.23662550561595364   0.07272099449085653    
  224.19427   -59.770018   5.526675073314387    2.6979621744606854   0.28965763727263527   0.05134441075051489    
  224.71428   -58.440243   11.133943869959293   2.6611808214806887   0.3490263140464094    0.05050728462983505    
  224.76508   -57.702439   12.235337036856503   2.66462957513327     0.3365015946360085    0.04236812756666453    
  225.1173    -54.743917   6.351876031884951    2.690676519659022    0.32664558180021996   0.0681794078228781     
  225.56262   -66.682849   8.397418633694784    2.639680410458754    0.37479799869578995   0.08192913672348937    
  225.85137   -58.987314   32.21885064611899    2.197632283719217    0.6463277318046551    0.08939791761748714    
  227.7396    -57.80003    17.4835294767416     2.4773659463648094   0.48084411237700925   0.07913578732796515    
  228.03265   -49.19481    2.4268054140679047   2.1676139308306053   0.1414698838202922    0.003681549660874013   
  228.42886   -59.053163   36.527907183770076   2.6868416002264586   0.3196184084671787    0.01158112260859196    
  228.56476   -59.065556   3.3689568423351197   2.6785615383413193   0.22272653530607842   0.01894849898187371    
  228.81713   -59.295187   38.04748072537422    2.531895298049702    0.4672969093214526    0.03147510054246846    
  229.11144   -58.175474   7.826861795486521    2.678446578827588    0.33186284176847264   0.06095547522909411    
  229.82811   -59.516694   16.02027345291773    2.5844228239644402   0.47704205190794996   0.0665010160472965     
  229.98355   -59.11482    19.40004107948457    2.4953522635976184   0.5337285018444899    0.0729772372203666     
  230.16184   -57.58525    31.311876724872274   2.549278533611       0.47046163935886776   0.03688407008155441    
  230.19014   -58.150091   11.784816736767254   2.67351273412921     0.327423073020225     0.040254353946787114   
  230.54038   -53.221118   8.609737042764683    2.616715521609389    0.3917899663704701    0.09066819309647511    
  230.62078   -60.362129   4.934474020773287    2.702868313965829    0.3045070820451295    0.06558568941288731    
  231.77111   -58.130551   22.880389301273627   2.6868607048735735   0.31206855142103207   0.017613791370009273   
  232.2045    -56.357198   34.430081314186815   2.2509618533066877   0.5946526938553199    0.07219134901146983    
  232.54453   -60.776335   10.029978478011289   2.459268136066837    0.5010810816818444    0.14905253380777084    
  233.12919   -56.094794   28.047037608059473   2.294719068463268    0.6131944063767103    0.08371834384952657    
  234.05483   -60.615342   18.24059838149791    1.999386115975324    0.7825559333706322    0.2405042955899445     
  234.06147   -49.65731    9.57831379243624     2.533737582676328    0.4142502437293521    0.10611909756769104    
  234.49146   -54.312873   8.197517590653542    2.5980918416310135   0.44015993179353646   0.11660188937739441    
  234.89923   -56.039872   27.998809116385218   1.9898442784277819   0.741105759553555     0.15366401621162679    
  234.91526   -46.741319   7.266989450170257    2.5997876778562587   0.39444543510939256   0.11344302824872529    
  235.33928   -53.442856   9.778618240986896    2.524140912801646    0.4560765161172465    0.12144223214695644    
  235.39559   -54.152673   2.2915509485095447   2.6515746969301217   0.24966208345958865   0.05638804601483648    
  235.47456   -54.317807   3.7386640719584507   2.6609526190660655   0.2554509345050745    0.0456713846358012     
  236.08329   -53.412568   3.0640506207387466   2.6960652720282567   0.35260648273548356   0.16219892822918908    
  237.03912   -54.770363   36.274880987167585   2.0655209733114184   0.7820365548937087    0.10554560350104694    
  237.19978   -53.816839   36.05223041242639    2.7003096333358734   0.31066133604631585   0.00986541853502738    
  237.2929    -55.119577   47.23051991388932    2.0992043306484067   0.729555650721994     0.07618799366580072    
  237.83844   -61.856116   17.6765044099917     2.1651140251551735   0.6042997441878765    0.16020877127671398    
  238.09654   -56.204264   69.36079637636698    2.6114176607805373   0.3917435833900552    0.011415739966568137   
  238.09853   -55.907297   3.658956179813148    2.6028375320082695   0.23379652520751132   0.027897586843207128   
  238.25259   -56.229055   5.147745374355567    2.4719520156349395   0.20245918542197006   0.011355251690214752   
  238.28321   -53.628421   53.41507832831926    2.2088225850005614   0.6394029433587689    0.052575396065383605   
  238.49435   -55.967587   21.22761337851763    2.711472295328667    0.32153098592182916   0.01705027716697848    
  238.59105   -56.258799   23.50924087564399    2.6281384108170434   0.45658318416829335   0.038981134481482695   
  238.64621   -55.158013   5.976195371847416    2.7012009517327176   0.2988626386310033    0.05129632632844691    
  238.85941   -53.322283   25.43716924758359    2.6665636120762417   0.3461169208468834    0.021346152804189698   
  239.43512   -53.435306   30.206982254285514   2.3319516651609593   0.5571142354794347    0.06839447962684136    
  240.11484   -46.843812   13.429076542182338   2.6997780835841976   0.2959655737019939    0.022705557774494473   
  240.29143   -52.353344   54.506555143403304   2.414696837238523    0.5160097991958855    0.03063760692596154    
  240.36895   -51.55634    15.89162681283183    2.6821513970484747   0.3391629472628986    0.030808084159304437   
  240.86864   -62.003372   25.694801456504322   1.7643457010315666   0.9043903448181112    0.2606218625665739     
  241.82258   -45.517888   7.420796766815587    2.648202838219884    0.36117226944324266   0.08432729579339913    
  242.39744   -60.53379    15.263251221328645   2.609186765480165    0.4460331236947045    0.06195331042991423    
  242.71627   -45.560121   8.328984898706285    2.64224870800845     0.3638916844866123    0.07715010119701442    
  243.03912   -51.467168   97.82373870073826    1.394317410517784    1.5065533938702333    0.15180101248668437    
  243.10656   -61.014388   4.883299801105111    3.0029352855506155   0.34964849898765626   0.05836937358174942    
  243.2557    -50.871244   7.244228679623105    2.756299730804832    0.3105957088196758    0.03698584711684553    
  243.32611   -61.10205    2.5483628867606543   2.2330515061429477   0.16194475915564532   0.00986677741050347    
  243.37956   -49.64135    20.09804657137026    1.9030151849020907   0.8722866871162602    0.26568101844084174    
  243.55941   -50.821859   10.46749163889385    2.9082587610392596   0.4432120120466782    0.05401367315403937    
  243.61694   -52.684109   6.2075902418215465   2.687827079776861    0.35658204325196036   0.08484681218905603    
  243.67873   -56.373631   8.702467396834145    2.6129084305566685   0.4008091515256791    0.09393370861190291    
  243.78789   -60.97061    201.3845894747683    2.6958360612094987   0.2844489490769225    0.001298679584624733   
  243.87608   -50.682663   5.951632793784108    2.6882251942923117   0.23283259719788582   0.013356656263356793   
  243.94201   -50.745946   14.462369509514538   2.620968359584605    0.4808497318792479    0.06793041241569248    
  244.04074   -61.105035   1.0046990620244831   1.8552882330158875   0.11598926361642413   0.003739100039118727   
  244.26806   -51.02142    4.164988759207713    2.453233808600327    0.184876621673149     0.007353931332842207   
  244.38699   -60.891703   4.099646579516822    2.4405504715962514   0.19495472278119777   0.012645994184887568   
  244.43323   -51.086643   21.963860881564198   2.666984966496111    0.2602318994885923    0.007307568425136346   
  244.4404    -54.345907   17.497190975206987   2.6960363812110115   0.34475163708957574   0.027060512435567376   
  244.71236   -59.340685   16.399852202523288   2.459804119579261    0.5080185785837664    0.09235083805362271    
  244.97915   -45.882894   10.551981969420687   2.7057983406537907   0.32681571524676295   0.03732957369887395    
  244.99683   -60.583837   4.323208130979998    2.745129114237557    0.28103409349719527   0.043467085920227924   
  245.2889    -50.740304   65.23375087061963    1.6044103988025515   1.021095012748828     0.13762748316854068    
  245.35417   -50.027637   19.44436140156315    2.6004165219189024   0.3914197205695965    0.04172755495913551    
  245.54677   -43.184319   13.24208687062725    2.6978399400259123   0.3313479064767339    0.032424065436855      
  245.8548    -49.637226   18.863712703342888   2.658108092308168    0.34719900775867346   0.02982506037428278    
  246.01969   -56.829176   7.944714352197413    2.6314393013476978   0.37410102649187976   0.08745938173530263    
  246.77682   -42.22705    10.485915167181172   2.6678675595058245   0.3647811980343378    0.05675486308965005    
  246.89241   -48.79434    23.953588523091888   2.6820659650662253   0.37483143919127554   0.02468952226394861    
  246.9082    -49.273942   34.33516165744727    2.027356365838433    0.7436275282463009    0.11924582930911926    
  246.94681   -39.917208   8.338422820018236    2.690353528661436    0.33544655574952903   0.055460410728862486   
  247.55144   -48.301481   6.736165296943311    2.4974336435674376   0.5683964443651739    0.21188759635736842    
  248.15896   -46.623009   15.861941738673902   2.662786660575664    0.25673792083682473   0.010931813993436686   
  248.19725   -47.517507   19.90861390048232    2.2199875970396143   0.6888800301363389    0.13844748727351475    
  248.31739   -45.179008   7.912408316505957    2.6294933353831595   0.37538960289222895   0.08908793524543873    
  248.45082   -48.028852   11.485482867090946   2.6918056996148847   0.4134400374293282    0.05941502355737437    
  248.90621   -47.589919   13.966549241354246   2.647446459511694    0.2511486251219142    0.010030426718485209   
  249.10831   -47.594913   7.026590563356686    2.940667420646909    0.3174476038267079    0.031082433793744063   
  249.24254   -41.055231   7.886370017241647    2.691704800219208    0.335440407646742     0.057857016629017356   
  249.6371    -46.577875   8.653951871013886    2.728671403433587    0.42520978213391075   0.07660607679006186    
  249.76682   -46.939699   17.501843136666892   2.680037398089375    0.2674209344483994    0.01176167526166735    
  249.90087   -38.502212   8.617092918741058    2.6837178221715456   0.349020060212283     0.05981250167235129    
  250.05859   -46.659667   6.591761733464213    2.824232999470705    0.32290781277293595   0.040890863120668475   
  250.09837   -46.843469   42.472505795696016   1.7492977459288288   1.0937708475008148    0.1559638260578706     
  250.24944   -46.382668   23.522718492824364   2.700374302820709    0.3114692944068932    0.015194132889177222   
  251.68744   -43.885077   15.202131961175642   2.2063567131627564   0.5453411330108172    0.15481230555913755    
  251.83034   -44.681258   10.99943912128933    2.7020275811084167   0.30555740890112015   0.03005032257606045    
  252.20733   -45.253538   14.9837405768116     2.571447234347141    0.42016664982734064   0.06442434957400614    
  253.4833    -44.260247   19.06941778434545    1.941919116337024    0.8433929965648318    0.2592896539495896     
  253.62879   -43.570938   26.882166417736805   2.0043260178864863   0.7710323580756802    0.16092180408961568    
  253.75456   -43.944594   8.220471642446475    2.7393944507440944   0.413857614347206     0.07508275936637825    
  254.29497   -40.42803    14.61329452926971    2.4141000279256564   0.5573109711835909    0.12009525305539154    
  254.46636   -42.101369   16.7837165076273     2.034177831984744    0.7843950060587825    0.24506610731193545    
  254.81157   -40.280586   7.603290084965087    2.6758815542836722   0.33219649534878565   0.06357765754863087    
  254.99904   -30.912919   5.942463487718008    2.689550280878214    0.33149120032550305   0.07574362237144523    
  255.17809   -43.288752   14.293318774453759   2.6416261444515303   0.3769522903043663    0.047965931903849415   
  255.31366   -29.950243   3.4043567911233685   2.71596864646848     0.293477598985145     0.074068145678658      
  256.02428   -41.710208   21.75552234173754    2.1035995471532067   0.7435058037276053    0.16390802095629628    
  256.42428   -32.347365   9.830951162596156    2.6915286162976764   0.3436766282769034    0.04897515853733182    
  256.49724   -45.671012   7.14364556379778     2.616842575914501    0.40899199843630274   0.11632968814469076    
  256.62163   -40.937383   9.649007516814605    2.6194322825512653   0.44585364028153096   0.09468883548007262    
  256.64604   -37.36198    7.493636556512752    2.675562410567404    0.3308817623389059    0.06410915658407196    
  256.91826   -44.34015    81.20452591833262    1.404206197091023    1.1939522011973       0.15968185936370857    
  257.27678   -40.327291   50.47891386992492    1.5131229681937475   1.078705193038093     0.2072481981035834     
  257.54903   -40.216824   8.684046157177193    2.6850797033015943   0.2715795644902072    0.02519505261813061    
  257.59654   -35.504223   10.033157473235132   2.4807198478099552   0.5065700405805763    0.14335635514760334    
  257.84332   -39.165715   5.7382619076430466   2.703434722619391    0.32030997603007816   0.06585499345349774    
  258.23469   -28.181904   9.515318467538995    2.68580026662615     0.27412785955815866   0.02242898451715437    
  258.56837   -38.242076   22.041010456604937   2.6935532978077883   0.27566277549846663   0.008960699901362753   
  258.58136   -39.832172   165.9598728166987    0.8336781379339355   2.112300087175015     0.26903506524077336    
  258.66434   -38.568216   40.005428202025506   2.6383728707031433   0.2451195112717706    0.003598621024100051   
  259.2864    -38.087692   11.530639917195309   2.6916644024274405   0.3634796775489785    0.046706182272342654   
  259.31181   -38.509555   7.973513722028406    2.681430834358746    0.3524257936601235    0.06633451125900956    
  259.42799   -39.857213   7.603474255178532    2.6635112172471405   0.34254595757731726   0.07086762924467249    
  259.5069    -37.478187   10.965391906248215   2.6446133337816966   0.24641796774666694   0.013685701348668287   
  259.63151   -40.24113    9.099530265406292    2.4398822194634646   0.5086104017354968    0.17286223132535414    
  259.75507   -29.738234   9.245451816538585    2.636888149237639    0.3628540876196621    0.07056214663721255    
  260.20175   -35.640079   2.355232918845877    2.848815598154109    0.3069482908583638    0.09193590588288497    
  260.26099   -37.386392   15.353625900636814   2.572576332992413    0.5261386855430158    0.07645803681784473    
  260.48553   -34.242849   2.3424627531142463   2.7042997607184622   0.3025449135200449    0.13151345103877013    
  260.67221   -36.158228   8.300688402286267    2.707092945284612    0.3582846952586339    0.05934112297237137    
  260.96927   -34.359626   24.591959099844413   1.774364612264722    0.8388736488015819    0.25205699249174907    
  261.28827   -34.278429   7.1577293125386685   2.7100674986871587   0.37053957461782494   0.0734275761986516     
  261.73611   -38.42157    31.351139497256295   2.1024930927472814   0.6982672329056885    0.11215475119141172    
  261.93788   -35.208281   8.00727454578006     2.6761312486439452   0.33937837326282666   0.06289512897944498    
  262.43986   -34.441297   11.459877360106013   2.6942689672540094   0.3282395242792288    0.03735130820361896    
  262.64204   -21.520814   15.684220237011179   2.678670459495646    0.2678182864138093    0.011715208988954359   
  263.10445   -29.915283   35.52980351563752    1.4793490943577614   1.1428099397338156    0.3219001716348669     
  263.11631   -32.723116   73.083526716383      1.3378626747546873   1.3511445501894175    0.213206340442776      
  264.27528   -30.113095   18.139153579366194   2.0196783944593912   0.674624631879727     0.2083170342220345     
  264.62882   -30.682779   8.631939212036448    2.5888025605578804   0.47380576043389155   0.12139171017228713    
  265.07494   -30.985573   21.17431526350553    2.5555118943677613   0.2142408325738579    0.004155335733273319   
  265.94759   -29.607075   7.073027034522567    2.0540692948653105   1.0494667379379106    0.39243593871510424    
  266.12461   -28.67994    1.3603193035606391   2.3208886893912837   0.17431825205230406   0.025290914246871188   
  266.13696   -29.380457   18.09838825833809    2.5775112862086926   0.5875495746685895    0.0694829762688552     
  266.1618    -32.620146   3.95160599485249     2.6972056079319655   0.28562227915380617   0.07144596068955002    
  266.23296   -29.938093   34.37915128749306    1.7256110661902206   1.1824397487699816    0.1458830694367701     
  266.29509   -29.43623    291.8784231530129    0.9788872917912256   1.8968015997811718    0.11335586864794905    
  266.32899   -30.243347   5.945174210278265    2.6375195823457496   0.3333333333000008    0.10125910663020268    
  266.3767    -29.429223   2.124588827215424    2.6956459331076      0.27607496622608213   0.12052986200072781    
  266.38694   -28.946054   7.7140398173542515   2.63751958234575     0.33333333330000076   0.07804325722301776    
  266.42108   -29.071818   20.692519434467233   2.5775912326113555   0.21691622196960242   0.004625812520221142   
  266.42232   -30.187557   0.5346159970727354   3.9270277498300388   0.2499961829874844    0.0827636344649066     
  266.46566   -33.774956   11.484722631215112   2.695353903336358    0.31088755451696276   0.032649902723209445   
  266.49734   -29.007369   24.78886258353052    2.7552039659634993   0.34450528480108955   0.015423977850796848   
  266.50716   -32.958788   13.985414522654406   2.0524195907277387   0.7736503598716058    0.2833260859228274     
  266.53181   -28.642474   29.367705401430634   2.7351541986578396   0.3429675500841155    0.013593247570062764   
  266.57674   -29.827577   4.702385966147419    2.6375195823457505   0.333333333300001     0.12802458288825969    
  266.66899   -28.520066   0.4496012205118686   1.6719409915936185   0.10648281731777544   0.006144721947835185   
  266.76151   -30.169821   6.01189843870992     3.046731707852369    0.3190283588451495    0.03331539126434837    
  266.76545   -22.332189   10.084913918591722   2.476345730129303    0.46122772124224676   0.1304744905561089     
  266.80222   -28.305437   18.305367163130725   2.7093220542218246   0.37606672921459494   0.029737296143936807   
  266.80242   -19.392206   9.219706982412466    2.658698839935848    0.35245697186712827   0.06266155396058837    
  266.83303   -29.185684   1.9987558601618218   2.340657287575712    0.17327304703795054   0.017958870527994292   
  266.98013   -37.44423    5.6984198407392554   2.7176300937383537   0.31525261046305825   0.05774297709401896    
  267.1497    -28.228158   15.013268834158863   2.7168124784718417   0.30255613515725144   0.018559697557126206   
  267.46008   -27.802995   4.912796974182129    2.6375195823457505   0.3333333333000008    0.12254276525842657    
  267.54561   -27.853995   68.07919248937188    1.5776464303948348   1.12413813595721      0.14610276842431433    
  268.13537   -22.548133   8.622652678353736    2.6718931133443466   0.33526924439751365   0.05805062276178775    
  268.19826   -37.90237    10.442803625157337   2.6333566214223434   0.45166773238221347   0.08604548011715704    
  268.5957    -22.088429   25.56634915926636    1.6576278057396994   1.029446996814377     0.3300051529458885     
  269.22483   -27.553582   15.042823255218053   2.1537844814507996   0.6187334849527633    0.19567968299953856    
  269.2871    -24.101526   11.8845288844849     2.5833199898151085   0.4896976070945827    0.09168829562997646    
  269.48581   -23.549587   7.041362566974499    2.842216660963098    0.3695322218286829    0.0565524071384906     
  269.63312   -16.315778   9.830170054632013    2.693499900692412    0.3557249326023146    0.05214974579635547    
  269.75844   -23.693369   4.763617802596119    2.7020209921686607   0.27561039337051413   0.03945115373570254    
  269.87339   -27.476442   17.542590626565268   2.018703772184802    0.7241199477955417    0.23173619767111914    
  269.9615    -34.851036   6.019888321700032    2.6954148933756716   0.28335835112896124   0.0405715068712412     
  269.99004   -23.327783   27.917120089312007   2.6578427358559504   0.24785421176321465   0.0058032657884265785  
  270.01042   -21.80791    31.96207524911937    1.6124622475789405   0.8486299893627782    0.22945562135414063    
  270.08439   -23.671484   35.407410120210336   2.090296024832056    0.8126074157964651    0.09430115063342136    
  270.26962   -23.259306   11.226650471331006   2.727171623363539    0.2843260862173481    0.017843327330338842   
  270.34451   -23.396542   35.77345797217574    2.9316197133540904   0.34741156175761573   0.008304365529108085   
  270.44122   -24.92521    6.048526566840742    2.7137456213029485   0.295044955643189     0.041753028073445116   
  270.68289   -25.161463   20.676363829666755   2.0592489585303744   0.6778596089344121    0.1758034303439719     
  270.80595   -27.815702   10.56930208083333    2.6950970803793473   0.2815797290028616    0.0213976084230139     
  270.86104   -17.556856   5.876077901771644    2.690669460085559    0.33928220187543146   0.07995969971930961    
  270.95456   -23.058232   8.008749113070312    2.4974333140039775   0.5292517039257855    0.17552099560166587    
  271.06547   -24.443156   14.002026805818794   2.5119462740772756   0.5009616107964833    0.09461891715017179    
  271.39435   -21.511146   53.191122037406146   2.1259740134111746   0.6005998649646861    0.0550171777649779     
  271.53982   -23.228174   10.002560738569105   2.37819972914233     0.5380101952346216    0.18519027755519432    
  272.22853   -27.126849   9.204095403283057    2.4926668619805312   0.4727543410008515    0.1432975450012781     
  272.83024   -19.437628   13.109456742376777   2.7492051724771955   0.364835771957576     0.03470012621110175    
  273.53718   -17.265048   15.125594948996543   2.542716513200695    0.47248418863443203   0.0779184655271736     
  274.30181   -24.111606   7.448106740875301    2.705999728386519    0.3057769124917218    0.04245800863726524    
  274.65543   -13.772783   14.317119997153062   2.5771156917640434   0.4032521991594986    0.06258089474796155    
  274.69509   -15.036603   5.9854767833485525   2.688807924788367    0.34089447335112244   0.07996360398622403    
  275.14558   -16.205096   11.990539693933835   2.700813379678704    0.3690736525453455    0.04482271102794047    
  275.5934    -9.6672018   6.023783340586315    2.6546455276613847   0.3975004190109051    0.11850368317464224    
  275.76504   -27.464293   5.777604788771811    2.7111095783441685   0.31853554235304277   0.06085027237032191    
  275.94906   -12.429644   20.26572189342554    2.699607278305731    0.33490403758538684   0.021450008929046666   
  275.9499    -23.823265   6.0104934652707644   2.685137756699183    0.3290345312381833    0.0752034838144258     
  276.19501   -13.21804    6.499467336504582    2.6992887921674487   0.33420839235227384   0.06665602251521603    
  276.46009   -12.132881   6.268497193389507    2.6399074746035462   0.44404973103907674   0.13747990159131251    
  277.02838   -11.591894   8.264193576639654    2.624196526497547    0.4200474854190535    0.10195808376673852    
  277.28473   -12.980015   21.719798216916885   2.4536345483932664   0.46323241928225384   0.06316623419293477    
  278.23037   -10.205633   22.252446625392025   2.7058921535566443   0.30492145683607064   0.01407279740024529    
  278.56969   -8.8350717   13.412166427186627   2.697771451912125    0.38372736700395904   0.04375095950182506    
  278.81036   -9.9072064   8.991156606951458    2.5830300733119587   0.46155418958685956   0.11581259524845255    
  279.1681    6.900636     15.23940486030628    2.1138459142558412   0.716576696678318     0.2287625335942274     
  279.7592    -7.7002316   11.833750203574693   2.434179309809663    0.49701951997126337   0.13112878537704675    
  279.87015   -4.3477755   10.262300315052402   2.4162725226689585   0.5084322395470777    0.15986998109937137    
  280.28398   -1.9022821   10.456128247024376   2.504576157141347    0.4739022401320568    0.12340374892097608    
  280.59624   -0.64994495  13.975473476761056   2.2828979573286805   0.6136629765394696    0.1721936780142367     
  280.90261   -3.9338807   10.473747020764726   2.494329459853191    0.42900158232321706   0.1092897212512371     
  281.29283   6.558393     14.866942023837607   2.112243225466711    0.7414349864770704    0.23506739637062904    
  281.43225   -0.094083994 7.664300234759121    2.5201369399055196   0.5105107624447599    0.1708209993963312     
  281.61405   -3.0885794   8.158498533983106    2.6296353813370636   0.40740994256898483   0.09775021267781035    
  281.97468   6.7837772    11.356126373882452   2.2181541152985846   0.7086779919546826    0.23746706633969866    
  282.26756   5.7925168    29.67971692602959    1.6479082730922443   1.2309655010141916    0.24065968903229099    
  282.29167   -0.99901091  7.043933177858633    2.6368886701540553   0.3893418130338773    0.10386312407800588    
  282.91848   1.285108     34.36739266925439    1.8889588315465395   0.9347734363429915    0.15531063088350242    
  283.45064   6.4159389    16.50842705333092    2.0509010302041535   0.7446672779750251    0.23911145911520518    
  283.83359   4.0117685    11.045269358777077   2.5113038175954645   0.4989560610916327    0.11984187249526648    
  283.98523   -0.33658568  9.078961257931159    2.5256575602151177   0.4736899070738539    0.13557647667871348    
  284.007     1.2692257    44.009187762386574   2.4973507985431618   0.5001055262615577    0.031169847090080197   
  284.40517   -0.72208928  11.991290560712114   2.542146786225752    0.4678713094134512    0.09759914945440094    
  284.57526   -1.2648204   7.929366545126646    2.4882320789122203   0.5333327601904381    0.18185487378469212    
  284.58448   1.6469897    14.60430965579525    2.3624424802764064   0.6045499995532984    0.13680629545486234    
  284.64053   3.7048426    17.734550079253747   2.1777399308194574   0.6723537582086769    0.17140275265439006    
  286.69903   2.4993447    28.745018616702797   1.8365828130976698   0.765611305418844     0.18338287943991943    
  287.53684   2.8433762    33.90640957945996    1.5285143300837207   1.1498713823367883    0.3187001963189439     
