#ID RA DEC Maj EMaj Flux EFlux
399 91.701652 8.6792533 0.370493259117 0.112773166683 4.67364635479 2.70883815262
276 93.979553 9.3652856 0.650251918194 0.3040030178 10.0796269575 2.16013503946
262 94.297523 9.8516745 0.458927206442 0.136407093536 8.2789198616 2.54947811885
278 94.417152 8.6335312 0.548862765769 0.162613092806 10.8076616095 2.41158060966
269 95.988954 10.269745 0.207546541167 0.0340507866461 1.93296964669 2.49651409592
257 96.505227 4.3765538 1.25524039957 0.319828014193 44.2351221547 1.36818683953
258 97.007929 10.371556 0.358933581199 0.0782399744883 5.72642493982 2.73839547451
256 98.43141 11.608658 0.651515318327 0.202590298873 12.6480011209 2.25735657451
255 98.551229 10.667595 0.0942689970264 0.0070542514298 0.269832697582 1.49889799426
247 98.554268 10.396245 1.46797208704 0.268459826485 68.4277737011 1.26080592054
248 98.808621 10.587542 0.13625960823 0.00911868404406 1.19185269396 1.98894567769
249 98.829222 9.4424432 0.534457629931 0.187160722119 7.44510645336 2.50182786942
394 98.951709 10.767458 0.186688969313 0.0296317089592 1.31571027039 2.38871339495
252 99.161526 10.898239 0.147300600202 0.0144922385429 0.809296333554 2.13689945801
244 99.281709 5.5717654 0.710364721935 0.257037400579 12.2617348618 2.16198498964
242 99.493387 12.514097 0.630897115517 0.166247636945 16.0647428465 2.23368459808
243 99.994116 12.052843 0.29492400878 0.0459922540478 5.1913004619 2.7254040248
232 100.84201 12.767974 0.593989207808 0.104645727828 28.2561622784 2.10188387965
239 101.24327 12.052035 0.531427303232 0.128076660799 12.0144120341 2.46237701569
238 101.35048 13.393296 0.12055130511 0.00909775437481 0.684961840672 1.82540563944
237 102.39984 11.803969 0.367966211748 0.120952777984 4.91437936174 2.67184158478
240 102.92464 9.5995989 0.576506813969 0.199901635732 10.2713029508 2.3487339492
236 103.15308 14.520133 1.19395244142 0.555571093434 5.92044327081 1.90096563687
384 103.29165 14.330779 0.0743906716423 0.0015218824516 0.397270590409 1.22144428975
233 103.43286 9.5909019 0.582756248309 0.136117376316 18.2838923475 2.23557672951
228 103.76668 13.709455 0.408227038338 0.100294012153 8.77882827034 2.59525628174
423 104.61339 12.156199 1.59557252279 0.325424383091 65.7606221082 1.19466240949
423 104.61339 12.156199 1.59557252279 0.325424383091 65.7606221082 1.19466240949
229 104.81931 9.8070308 2.91992183779 0.552787841797 145.851703946 0.6543871011
226 105.03093 12.072117 0.422399647517 0.106701002434 7.42889861461 2.65122870541
230 106.07393 9.5775119 0.851300867894 0.467189898568 12.2147131212 1.85410796319
231 106.62693 -23.235175 0.324558883056 0.0786071498192 5.22099687821 2.69708702987
225 107.89461 -20.75775 0.261153530917 0.0435969519942 4.08374510212 2.66813206787
220 109.29085 -25.111172 0.247776185629 0.0347803970034 4.16679539974 2.64181842738
223 110.49659 -18.845409 0.253878811521 0.0484123385664 3.40361537003 2.65673418466
221 114.99085 -36.446143 0.297865495433 0.0622685193007 5.03966371895 2.69998121567
222 116.83897 -19.314178 0.274260898809 0.0316154844417 6.65193707936 2.6864572453
219 117.87617 -38.90104 0.243281625705 0.0325226830695 4.63340963148 2.64795784051
216 118.14421 -26.419824 0.304593874664 0.0649540791345 5.24784011966 2.69900766713
218 122.38226 -39.116699 0.265014672619 0.0281338092902 7.10535668392 2.6776178967
214 125.14074 -47.629425 0.287063811362 0.0441005553114 6.23283454295 2.69708571749
213 125.17033 -42.939552 0.29938044591 0.0189225182173 17.119258083 2.69875879458
217 125.36844 -30.207022 0.244476205178 0.0249823858453 6.154967596 2.65218355925
211 125.46581 -43.29462 0.371843142761 0.0221452815778 24.4683670025 2.70389421999
375 125.57658 -43.039582 0.216706056434 0.0134736082017 6.16891878413 2.54119943563
374 125.64585 -42.740359 0.435166570655 0.0276918182819 26.9051021044 2.690881459
208 125.92225 -43.234168 0.380581656334 0.0292274768342 15.1191008749 2.82531568035
210 125.92703 -43.029491 0.338212701434 0.0321058501132 6.20538065844 3.3068692364
209 126.03046 -43.084468 0.302310140585 0.0119053280176 24.7621821772 2.70884696926
435 127.91284 -45.972063 0.458805937469 0.149823900676 6.36328036063 2.61408344734
434 128.42872 -45.69462 1.00558232563 0.197436528309 39.8496923553 1.69753150686
205 128.71069 -45.881328 0.550387837725 0.326948502154 2.94619885026 2.73654298467
207 128.8429 -45.376486 0.248031775682 0.040508592063 3.03296025955 2.65268125768
206 128.93146 -45.705734 3.53897364066 0.347151898834 330.313828836 0.564487209671
422 129.27228 -43.154128 0.614327819848 0.143953374367 18.8219604529 2.21206480969
203 129.70101 -43.264051 0.279373942751 0.092470095098 2.01425920062 2.72395110479
202 129.92501 -46.064767 0.770929442065 0.163864994486 27.5934861137 1.97501577978
204 129.9552 -42.63 0.752550437484 0.167754036603 18.6660691547 2.14752322975
199 130.0539 -45.289695 0.429993669583 0.167874643242 4.50885820316 2.67493501954
369 130.12449 -43.424593 0.59480027306 0.172970892093 12.0093785876 2.34745520376
198 130.94128 -42.749622 0.485175122632 0.132027280029 7.11068416256 2.64792666505
197 131.023 -43.122357 0.78813822787 0.231679440664 22.3049539947 1.88392920755
196 134.84723 -47.506248 0.324568113937 0.0317855911019 10.0702557302 2.75000579555
195 134.88371 -43.774236 0.29954865076 0.0497070026623 5.71810494137 2.70766352272
194 134.97534 -47.349254 1.98543685223 0.252903712163 154.173254555 0.888334846703
421 135.62423 -48.717759 0.377381824301 0.0788494049991 8.08838855643 2.66420636102
193 136.27751 -57.626299 0.359931308602 0.0750855548889 7.73950773247 2.67034595512
189 137.05257 -53.351588 0.36357046087 0.0760452272872 7.3953810931 2.68129138228
191 137.73653 -56.636293 0.337851985153 0.0456212596201 10.0725306463 2.69499960096
190 137.83139 -45.089858 0.289393991678 0.0634627771068 4.33365631041 2.69811946806
192 139.39107 -54.524855 0.498514935224 0.186664342563 6.92912289105 2.52027618086
185 139.39875 -54.922858 0.347160492421 0.0388922091176 11.1891892496 2.72049376036
187 139.94221 -53.681617 0.286152764722 0.0304007793938 8.96718307046 2.69679049324
184 140.69764 -40.034179 0.294466528812 0.061359393862 4.6753226928 2.70038192798
182 141.13861 -52.025596 0.345561034018 0.0571225826928 8.27165082786 2.69747888505
365 141.89938 -47.136713 0.325166265117 0.072821561935 5.76253590627 2.69415613021
367 142.22914 -50.480293 0.432928603098 0.124932510505 7.73613264826 2.58706929292
181 143.23064 -49.942722 0.310442581282 0.067758942779 5.19530270103 2.70108067098
183 144.68176 -59.307162 0.334578593339 0.0707420855919 6.78981212555 2.68132383637
363 145.19143 -57.421919 0.343675013937 0.0667377571338 7.9553833341 2.66868599751
179 145.65348 -58.543165 0.438645819765 0.131626029569 8.00257266977 2.5573216296
168 146.14944 -54.315212 0.34089757344 0.049191836513 10.4345703192 2.67370105031
173 148.16074 -53.24468 0.364750967351 0.0994301697272 6.14131757618 2.66034195071
170 148.50843 -45.627873 0.265170086555 0.0411561345987 5.17356038023 2.68457326759
171 149.88275 -56.928995 0.395960674606 0.0705896670547 11.629160752 2.60365325685
169 151.67785 -57.211676 0.49855298284 0.0503223066431 27.8933951831 2.48644864725
172 151.88615 -55.99313 0.674288528101 0.194255213561 17.690366812 2.09992281147
166 152.58619 -57.310906 0.609613809092 0.0915159413486 32.3439416964 2.13339897619
165 153.16164 -65.001504 0.366171805482 0.0358820251166 17.7714045485 2.65029183
161 154.39433 -57.77283 1.17793178977 0.125084723266 90.4499560956 1.50585346165
163 154.52669 -58.999234 0.492531442273 0.0395918643046 34.9161310903 2.48916100179
160 154.80105 -58.064972 0.367566339303 0.0249665530798 22.7069799327 2.68381092645
157 156.03823 -57.800211 0.248458011968 0.0114663843147 11.3062563053 2.64470186417
155 156.26054 -57.814879 0.589936851774 0.0425121015878 63.5589180972 2.17848572514
156 158.11896 -58.16911 0.460778142034 0.0681414949005 19.2113496437 2.47862533762
153 158.19668 -59.318311 0.318787892392 0.0323132137978 11.5000274697 2.70389072939
148 158.48761 -59.8182 0.317370084194 0.0678910664156 6.17463145188 2.68602931385
147 159.36753 -58.662818 0.338269210615 0.0354994164846 14.2254962277 2.67402038497
151 160.31868 -59.938126 0.41546078008 0.0826633395982 10.4936424769 2.60882400418
150 160.74466 -59.670504 0.887988159056 0.052465342604 80.4354074056 1.97865885709
149 160.78224 -56.441321 0.421802516696 0.0920771328818 9.67449145836 2.6062223114
146 160.92985 -58.898944 1.02163092057 0.222433215993 40.3063911079 1.60595971848
145 161.04973 -52.018308 0.371167448172 0.0822386285162 7.68081679426 2.65991784756
144 161.06306 -59.639442 0.363616688217 0.0200514260684 24.9799447404 2.71183263847
142 161.37238 -60.077211 0.522054545336 0.0220720036333 92.9189825948 2.27521360266
138 161.77285 -59.798509 0.677899876116 0.0649866372125 35.5641200351 2.28514803687
139 161.84552 -60.017059 0.220242904045 0.0158169016413 4.55319065281 2.57822529093
137 162.09821 -62.347889 0.507972523439 0.144241400294 11.6225826515 2.40198856609
141 162.43384 -59.319267 0.430521443468 0.104246874227 7.96710069543 2.63958542155
134 164.18306 -60.120363 0.40625841916 0.0588507995392 14.7758580866 2.59585550348
135 164.37443 -55.018036 0.433110156601 0.114883251245 9.15457470132 2.55018410845
133 164.76302 -61.192453 0.431854211988 0.0262717935228 39.6648997835 2.55336738035
131 164.80362 -65.529016 0.50341857276 0.150078711545 10.0571060689 2.45628253996
132 165.23789 -64.599824 0.517917359062 0.169035255413 9.40569110843 2.44173991861
130 165.41124 -60.28244 0.353752546725 0.0424475571516 12.6370411611 2.67983046569
127 165.61654 -60.830265 0.188152151932 0.00412488682241 11.2021068834 2.40019168543
126 165.82621 -60.968775 0.375603270432 0.0135613352476 41.8403213806 2.6951567323
116 165.84057 -60.964677 0.208857270644 0.0106825001711 4.76768555943 2.5916920026
119 166.45194 -61.767941 0.642230210954 0.173137444315 13.9284392556 2.28331042039
125 167.49396 -57.335388 0.435835077389 0.0828770628606 12.5558701158 2.55960369167
121 168.02785 -61.257625 0.540043175471 0.0604673276212 33.0018388251 2.33363385497
114 168.03551 -59.858625 0.609576858897 0.135703787506 16.6249470283 2.31277724767
117 168.06319 -60.684626 0.338458778071 0.0133889507871 35.4609445288 2.68732834574
113 168.1127 -66.569896 0.536132875555 0.194177747914 7.73627683389 2.47281507381
115 168.83228 -61.287743 0.333423534548 0.0120946100439 39.8431940747 2.67814108249
109 169.81423 -61.44718 0.550224034726 0.0599727451866 34.4211360484 2.32448952502
110 171.13711 -59.287692 0.297981709372 0.0144601214179 23.2299175857 2.69618490695
111 171.34896 -56.071917 0.437618788163 0.102930255006 10.5920638012 2.53951126264
100 172.17727 -62.741195 0.518717195534 0.0808406501272 19.347831093 2.45028060681
106 172.35537 -68.560909 0.465273194667 0.134110674925 9.94657846027 2.47154250291
347 173.80964 -60.94673 0.367049564978 0.0981285774066 5.84936783904 2.67997061433
336 173.85529 -61.893796 0.803891675 0.219482382348 22.4130096917 1.93464703489
108 174.65427 -56.301757 0.377852697894 0.0653174897513 10.9807843696 2.62750008833
107 174.68505 -68.230774 0.360490272879 0.022152908002 28.6955167283 2.64072184897
99 174.88829 -63.49789 0.44285686052 0.0297220723613 43.6395959713 2.44284073192
103 175.84308 -62.519783 0.349691900041 0.027068300595 19.7204213747 2.67584955241
96 177.43728 -62.252477 0.448012378233 0.152102222032 7.74977591274 2.51636519166
104 177.67491 -62.717613 0.413520487821 0.107145002288 7.83430782149 2.61863147512
102 178.48663 -54.929864 0.398886451396 0.118005156988 5.99996207962 2.65869575194
94 178.6889 -69.721245 0.375499305351 0.0562094376829 10.2862682075 2.69414396883
101 178.91805 -63.204021 0.29288511557 0.0531683772111 5.15071902761 2.70106581612
97 179.58572 -62.61716 0.362179954548 0.0218216974835 28.7644161889 2.64823560756
98 180.29535 -65.591235 0.433030150359 0.136709792981 7.64445151884 2.5535718494
82 180.6642 -63.245 0.575051926262 0.185709611005 11.2200953636 2.34081365154
332 183.03838 -62.75243 0.733031475314 0.0391773320052 88.3880867914 2.11776147766
95 183.69688 -62.982722 0.441194796354 0.0253039685881 42.1812552262 2.55501120537
433 184.35617 -64.2212 0.432095069536 0.112377749622 9.41352074329 2.54648394747
91 184.56158 -62.414279 0.379927005681 0.0635093043211 10.9507706818 2.64091313151
87 185.58892 -64.133669 0.457664280041 0.0827438935365 15.4414115944 2.48765938597
93 185.77347 -62.728793 0.406089506637 0.0620528190313 13.7299372174 2.6039284325
81 186.25809 -66.846819 0.402964074367 0.072597461463 12.3884091744 2.57509952079
90 187.67132 -63.09209 0.464969466045 0.10362147543 13.5370277325 2.44233778048
86 189.59751 -63.819701 0.484597814874 0.108211402543 11.9262817186 2.51360187172
92 191.52825 -62.158674 0.348749773895 0.038661082789 15.1030013641 2.64902347339
89 192.13701 -63.632705 0.510029749699 0.126403660184 13.2936982962 2.4038703696
88 192.37015 -62.850608 0.492160052523 0.11822885073 12.4020216185 2.4598450096
83 193.26369 -61.01889 0.452390016231 0.123485818691 8.2953400564 2.58241813863
84 194.07054 -63.625312 0.494674652935 0.0841942105387 17.8256207277 2.45019238582
432 195.64923 -63.393057 0.86650516111 0.241270316763 21.8412274142 1.90970799719
431 196.47348 -62.750497 0.344365120931 0.0155026692013 32.2785120985 2.6838375476
80 197.8337 -62.679194 0.340815149501 0.0171313697032 28.4953629344 2.68458864853
75 197.94057 -63.093815 0.385444689672 0.0608438894366 11.4337854973 2.64811571556
76 198.55706 -62.71182 0.537688689947 0.0338573955049 60.9276898335 2.30542143607
79 198.60934 -61.214807 0.481826006983 0.0967178186924 16.3523653068 2.39321668963
323 198.88696 -59.653312 0.449904116311 0.0960136298442 10.9300278734 2.5710945994
329 201.20645 -57.658951 0.372380531206 0.0417713562064 15.5330324511 2.65304153367
59 201.58048 -61.418429 0.298994252443 0.0079656048358 37.5745389195 2.70264845366
74 203.24382 -66.801006 0.398006167063 0.0486595090499 15.7912901879 2.63121085923
73 203.96179 -57.806945 0.391472184141 0.114018485774 6.43550089661 2.63805377947
72 205.07105 -61.736408 0.379037192718 0.0580753813007 11.1879228904 2.66093866368
71 205.50981 -59.912783 0.558562822596 0.136084875262 8.94675842737 2.57530490617
50 205.55508 -62.369879 0.40872760464 0.0327318799099 30.4190365528 2.53095838652
66 205.97538 -61.279792 0.391032319104 0.107269504188 7.10922280014 2.62468234114
65 206.22559 -60.644172 0.317397658645 0.0333184059712 11.773682208 2.69565594471
63 206.29567 -66.230459 0.415984060799 0.104567601911 7.17496213976 2.65991289431
64 206.75033 -60.439795 0.295035713506 0.0013691407791 193.201130877 2.7071960227
68 206.76285 -62.850783 0.393334626039 0.0345293797661 21.3830711809 2.63872926375
62 206.77127 -60.338883 0.0992662000259 0.00138771599267 1.53085858018 1.56546092833
326 207.33306 -59.427237 0.909949961406 0.195101144549 35.5343110839 1.74147626857
328 207.6048 -62.111296 0.390022167858 0.0198895417233 36.7540512625 2.63791219958
428 207.96537 -60.182965 0.375582271994 0.076497983557 8.4267433878 2.65882154621
60 208.21635 -61.506224 0.515372361358 0.10018130666 17.5745007912 2.38166448444
429 208.44493 -59.572982 0.365268131052 0.0416677599808 15.6554909874 2.64012828324
61 209.96361 -62.225727 0.481062658982 0.0249121712121 58.0264949755 2.45292103647
58 210.37871 -63.931219 0.929977552054 0.224815545899 34.5808593245 1.65763500911
55 210.75498 -61.288557 0.719408006243 0.0831940818204 41.1257781824 2.1238261233
26 211.5078 -57.0552 0.394306076307 0.110889018068 6.36336659125 2.65420936976
54 211.59579 -62.068046 0.478921075188 0.0371730906736 37.0942736374 2.47657512347
41 212.14411 -61.522765 0.489744267433 0.035077861326 44.2020860819 2.42344811914
35 212.51938 -56.784228 0.360492083314 0.0750911668628 6.9555193458 2.69519101002
33 213.14455 -61.73097 0.535906118389 0.0270071612248 70.8646950565 2.35584820602
42 213.23323 -61.221739 0.531876090818 0.0958658788639 17.4590742402 2.42605282496
45 213.94533 -65.990394 0.423767340492 0.0632246908117 13.1438645063 2.63303939394
36 214.79568 -60.962221 0.608133324964 0.0567137361153 42.1245140404 2.28453559635
28 215.27087 -64.292111 0.420753848393 0.0723387347557 14.4547759851 2.53125053051
47 215.45232 -59.97674 0.294736773531 0.0223392963318 13.1960410307 2.69984333951
38 215.50024 -61.459041 0.499664756415 0.133076995217 11.3616187449 2.45174046887
30 215.62501 -56.03599 0.301275167459 0.0179585044149 18.2755363955 2.69926438156
34 216.21713 -60.51203 0.380242567814 0.0802133662098 9.77589700459 2.59295364863
37 217.52222 -60.502887 0.771937714894 0.165630769344 26.9676972042 1.98392745042
56 219.11623 -60.561728 0.451029263527 0.0516551209059 21.9171920318 2.54039485839
11 220.28278 -56.318149 0.367064252565 0.0762164690536 8.06469286751 2.66162304503
51 220.34834 -62.663029 0.429932945585 0.0210666655679 46.9699520611 2.57411487217
423 220.4056 -60.048535 0.193499023344 0.00956427181299 5.4019243358 2.42937147005
423 220.4056 -60.048535 0.193499023344 0.00956427181299 5.4019243358 2.42937147005